2.0 562.0 27.58 0.176 0.088 0.044 0.149 0.096 0.048 0.059 0.064 0.032 -0.0005
3.0 562.0 4.27 0.427 0.146 0.073 0.408 0.154 0.077 -0.064 0.098 0.049 0.0017
4.0 562.0 3.91 0.674 0.139 0.069 0.663 0.143 0.071 -0.055 0.103 0.052 0.0017
5.0 562.0 1.78 0.856 0.12 0.06 0.85 0.122 0.061 -0.0 0.101 0.051 0.0006
6.0 562.0 1.42 0.96 0.126 0.063 0.954 0.127 0.063 0.011 0.109 0.054 0.0004
7.0 562.0 1.96 1.081 0.135 0.068 1.077 0.136 0.068 -0.024 0.098 0.049 0.0013
8.0 562.0 2.49 1.23 0.15 0.075 1.225 0.151 0.075 -0.024 0.107 0.054 0.0011
9.0 562.0 4.98 1.431 0.164 0.082 1.426 0.165 0.082 -0.023 0.111 0.055 0.0015
10.0 562.0 5.16 1.619 0.142 0.071 1.615 0.142 0.071 -0.003 0.108 0.054 0.0012
11.0 562.0 2.14 1.739 0.132 0.066 1.736 0.133 0.066 -0.008 0.105 0.052 0.0011
12.0 562.0 2.14 1.832 0.125 0.062 1.829 0.125 0.062 -0.01 0.108 0.054 0.0005
13.0 562.0 1.25 1.907 0.123 0.062 1.904 0.123 0.061 -0.02 0.106 0.053 0.0005
14.0 562.0 3.56 1.99 0.153 0.077 1.986 0.153 0.077 -0.051 0.108 0.054 -0.0007
15.0 562.0 5.52 2.112 0.167 0.083 2.108 0.167 0.083 -0.031 0.118 0.059 0.0007
16.0 562.0 7.12 2.236 0.167 0.084 2.233 0.167 0.084 0.001 0.118 0.059 -0.0001
17.0 562.0 9.96 2.395 0.178 0.089 2.391 0.178 0.089 0.022 0.127 0.0 0.0023
18.0 562.0 3.2 2.546 0.168 0.084 2.544 0.168 0.084 0.031 0.113 0.056 0.001
19.0 562.0 1.78 2.644 0.136 0.068 2.642 0.136 0.068 -0.003 0.108 0.054 -0.0003
20.0 562.0 1.6 2.723 0.128 0.064 2.721 0.128 0.064 0.002 0.109 0.055 0.0009
21.0 562.0 1.78 2.784 0.125 0.062 2.782 0.125 0.062 -0.034 0.103 0.052 -0.0
22.0 562.0 2.31 2.837 0.122 0.061 2.835 0.122 0.061 -0.039 0.112 0.056 0.0009
23.0 562.0 1.6 2.89 0.116 0.058 2.888 0.116 0.058 -0.024 0.105 0.053 0.0005
24.0 562.0 2.14 2.941 0.122 0.061 2.939 0.122 0.061 -0.038 0.099 0.05 0.0003
25.0 562.0 1.78 3.005 0.122 0.061 3.003 0.122 0.061 -0.033 0.105 0.053 -0.0006
26.0 562.0 4.09 3.08 0.134 0.067 3.077 0.134 0.067 -0.049 0.107 0.054 -0.0006
27.0 562.0 5.69 3.156 0.135 0.068 3.154 0.135 0.068 -0.047 0.104 0.052 -0.0011
28.0 562.0 6.94 3.211 0.149 0.074 0.0 0.149 0.074 -0.074 0.1 0.05 0.0003
29.0 562.0 5.87 3.266 0.145 0.073 3.264 0.145 0.073 -0.066 0.104 0.052 0.0007
30.0 562.0 7.47 3.35 0.153 0.076 3.347 0.153 0.077 -0.071 0.112 0.056 -0.0
31.0 562.0 6.05 3.399 0.149 0.074 3.396 0.149 0.074 -0.067 0.0 0.054 0.0008
32.0 562.0 6.41 3.427 0.144 0.072 3.425 0.144 0.072 -0.073 0.105 0.052 0.0
33.0 562.0 7.65 3.475 0.143 0.071 3.472 0.143 0.072 -0.082 0.103 0.051 0.0005
34.0 562.0 3.74 3.51 0.138 0.069 3.508 0.139 0.069 -0.073 0.103 0.051 0.0015
35.0 562.0 4.63 3.523 0.127 0.064 3.52 0.127 0.064 -0.076 0.109 0.055 0.0016
36.0 562.0 4.98 3.539 0.127 0.064 3.537 0.127 0.064 -0.068 0.107 0.053 0.0009
37.0 562.0 7.65 3.542 0.134 0.067 3.54 0.135 0.067 -0.092 0.101 0.051 0.0014
38.0 562.0 5.69 3.551 0.145 0.073 3.549 0.146 0.073 -0.085 0.099 0.049 0.0014
39.0 562.0 7.3 3.543 0.143 0.071 3.541 0.143 0.071 -0.093 0.1 0.05 0.0007
40.0 562.0 7.47 3.542 0.14 0.07 3.539 0.14 0.07 -0.091 0.101 0.05 0.0003
41.0 562.0 7.65 3.532 0.143 0.072 3.529 0.144 0.072 -0.098 0.101 0.051 0.0021
42.0 562.0 11.74 3.514 0.141 0.07 3.511 0.141 0.07 -0.111 0.093 0.046 0.0003
43.0 562.0 6.05 3.484 0.15 0.075 3.481 0.15 0.075 -0.097 0.106 0.053 -0.0013
44.0 562.0 9.43 3.454 0.148 0.074 3.451 0.148 0.074 -0.097 0.096 0.048 0.0004
45.0 562.0 10.85 3.418 0.171 0.086 3.415 0.171 0.086 -0.094 0.105 0.052 0.0006
46.0 562.0 10.85 3.333 0.169 0.085 3.33 0.169 0.085 -0.096 0.099 0.05 -0.0001
47.0 562.0 11.03 3.264 0.162 0.081 0.0 0.162 0.081 -0.092 0.101 0.051 -0.0003
48.0 562.0 9.43 3.2 0.158 0.079 3.197 0.157 0.079 -0.081 0.109 0.054 -0.0015
49.0 562.0 7.65 3.128 0.153 0.077 3.126 0.153 0.076 -0.075 0.108 0.054 -0.0019
50.0 562.0 5.52 3.043 0.156 0.078 3.04 0.155 0.078 -0.065 0.107 0.054 -0.0021
51.0 562.0 5.52 2.98 0.143 0.072 2.978 0.143 0.072 -0.073 0.1 0.05 -0.0019
52.0 562.0 3.74 2.917 0.136 0.068 2.914 0.136 0.068 -0.076 0.101 0.051 0.0004
53.0 562.0 4.09 2.847 0.131 0.065 2.845 0.131 0.065 -0.068 0.098 0.049 -0.0011
54.0 562.0 3.02 2.777 0.13 0.065 2.774 0.13 0.065 -0.057 0.106 0.053 0.0004
55.0 562.0 4.09 2.694 0.141 0.07 2.691 0.141 0.07 -0.065 0.101 0.05 -0.0006
56.0 562.0 5.52 2.583 0.141 0.071 2.58 0.141 0.071 -0.054 0.107 0.053 0.0006
57.0 562.0 7.83 2.423 0.175 0.088 2.42 0.176 0.088 -0.063 0.103 0.052 0.0003
58.0 562.0 5.87 2.247 0.158 0.079 2.244 0.158 0.079 -0.056 0.102 0.051 -0.0009
59.0 562.0 3.2 2.083 0.147 0.074 2.081 0.147 0.074 -0.051 0.092 0.046 -0.0009
60.0 562.0 2.67 0.0 0.133 0.066 1.957 0.133 0.067 -0.046 0.104 0.052 -0.0015
61.0 562.0 2.14 1.857 0.129 0.064 1.855 0.129 0.064 -0.024 0.092 0.046 -0.0006
62.0 562.0 1.96 1.718 0.136 0.068 1.715 0.136 0.068 -0.039 0.093 0.047 -0.0007
63.0 562.0 5.52 1.517 0.165 0.083 1.514 0.165 0.083 -0.028 0.103 0.052 -0.0025
64.0 562.0 5.69 1.294 0.155 0.078 1.29 0.156 0.078 -0.014 0.104 0.052 0.0001
65.0 562.0 2.31 1.101 0.142 0.071 1.096 0.143 0.072 -0.009 0.098 0.049 -0.0008
66.0 562.0 2.85 0.955 0.125 0.062 0.951 0.125 0.062 -0.007 0.087 0.044 -0.0001
67.0 562.0 2.67 0.801 0.133 0.067 0.796 0.134 0.067 -0.029 0.085 0.043 0.0012
68.0 562.0 6.23 0.552 0.154 0.077 0.541 0.158 0.079 -0.046 0.093 0.047 0.0005
69.0 562.0 14.06 0.387 0.145 0.073 0.348 0.158 0.079 -0.136 0.083 0.042 -0.0007
