2.0 3.0 4.0 5.0 6.0 7.0 8.0 9.0 10.0 11.0 12.0 13.0 14.0 15.0 16.0 17.0 18.0 19.0 20.0 21.0 22.0 23.0 24.0 25.0 26.0 27.0 28.0 29.0 30.0 31.0 32.0 33.0 34.0 35.0 36.0 37.0 38.0 39.0 40.0 41.0 42.0 43.0 44.0 45.0 46.0 47.0 48.0 49.0 50.0 51.0 52.0 53.0 54.0 55.0 56.0 57.0 58.0 59.0 60.0 61.0 62.0 63.0 64.0 65.0 66.0 67.0 68.0 69.0
562.0 562.0 562.0 562.0 562.0 562.0 562.0 562.0 562.0 562.0 562.0 562.0 562.0 562.0 562.0 562.0 562.0 562.0 562.0 562.0 562.0 562.0 562.0 562.0 562.0 562.0 562.0 562.0 562.0 562.0 562.0 562.0 562.0 562.0 562.0 562.0 562.0 562.0 562.0 562.0 562.0 562.0 562.0 562.0 562.0 562.0 562.0 562.0 562.0 562.0 562.0 562.0 562.0 562.0 562.0 562.0 562.0 562.0 562.0 562.0 562.0 562.0 562.0 562.0 562.0 562.0 562.0 562.0
27.58 4.27 3.91 1.78 1.42 1.96 2.49 4.98 5.16 2.14 2.14 1.25 3.56 5.52 7.12 9.96 3.2 1.78 1.6 1.78 2.31 1.6 2.14 1.78 4.09 5.69 6.94 5.87 7.47 6.05 6.41 7.65 3.74 4.63 4.98 7.65 5.69 7.3 7.47 7.65 11.74 6.05 9.43 10.85 10.85 11.03 9.43 7.65 5.52 5.52 3.74 4.09 3.02 4.09 5.52 7.83 5.87 3.2 2.67 2.14 1.96 5.52 5.69 2.31 2.85 2.67 6.23 14.06
0.176 0.427 0.674 0.856 0.96 1.081 1.23 1.431 1.619 1.739 1.832 1.907 1.99 2.112 2.236 2.395 2.546 2.644 2.723 2.784 2.837 2.89 2.941 3.005 3.08 3.156 3.211 3.266 3.35 3.399 3.427 3.475 3.51 3.523 3.539 3.542 3.551 3.543 3.542 3.532 3.514 3.484 3.454 3.418 3.333 3.264 3.2 3.128 3.043 2.98 2.917 2.847 2.777 2.694 2.583 2.423 2.247 2.083 0.0 1.857 1.718 1.517 1.294 1.101 0.955 0.801 0.552 0.387
0.088 0.146 0.139 0.12 0.126 0.135 0.15 0.164 0.142 0.132 0.125 0.123 0.153 0.167 0.167 0.178 0.168 0.136 0.128 0.125 0.122 0.116 0.122 0.122 0.134 0.135 0.149 0.145 0.153 0.149 0.144 0.143 0.138 0.127 0.127 0.134 0.145 0.143 0.14 0.143 0.141 0.15 0.148 0.171 0.169 0.162 0.158 0.153 0.156 0.143 0.136 0.131 0.13 0.141 0.141 0.175 0.158 0.147 0.133 0.129 0.136 0.165 0.155 0.142 0.125 0.133 0.154 0.145
0.044 0.073 0.069 0.06 0.063 0.068 0.075 0.082 0.071 0.066 0.062 0.062 0.077 0.083 0.084 0.089 0.084 0.068 0.064 0.062 0.061 0.058 0.061 0.061 0.067 0.068 0.074 0.073 0.076 0.074 0.072 0.071 0.069 0.064 0.064 0.067 0.073 0.071 0.07 0.072 0.07 0.075 0.074 0.086 0.085 0.081 0.079 0.077 0.078 0.072 0.068 0.065 0.065 0.07 0.071 0.088 0.079 0.074 0.066 0.064 0.068 0.083 0.078 0.071 0.062 0.067 0.077 0.073
0.149 0.408 0.663 0.85 0.954 1.077 1.225 1.426 1.615 1.736 1.829 1.904 1.986 2.108 2.233 2.391 2.544 2.642 2.721 2.782 2.835 2.888 2.939 3.003 3.077 3.154 0.0 3.264 3.347 3.396 3.425 3.472 3.508 3.52 3.537 3.54 3.549 3.541 3.539 3.529 3.511 3.481 3.451 3.415 3.33 0.0 3.197 3.126 3.04 2.978 2.914 2.845 2.774 2.691 2.58 2.42 2.244 2.081 1.957 1.855 1.715 1.514 1.29 1.096 0.951 0.796 0.541 0.348
0.096 0.154 0.143 0.122 0.127 0.136 0.151 0.165 0.142 0.133 0.125 0.123 0.153 0.167 0.167 0.178 0.168 0.136 0.128 0.125 0.122 0.116 0.122 0.122 0.134 0.135 0.149 0.145 0.153 0.149 0.144 0.143 0.139 0.127 0.127 0.135 0.146 0.143 0.14 0.144 0.141 0.15 0.148 0.171 0.169 0.162 0.157 0.153 0.155 0.143 0.136 0.131 0.13 0.141 0.141 0.176 0.158 0.147 0.133 0.129 0.136 0.165 0.156 0.143 0.125 0.134 0.158 0.158
0.048 0.077 0.071 0.061 0.063 0.068 0.075 0.082 0.071 0.066 0.062 0.061 0.077 0.083 0.084 0.089 0.084 0.068 0.064 0.062 0.061 0.058 0.061 0.061 0.067 0.068 0.074 0.073 0.077 0.074 0.072 0.072 0.069 0.064 0.064 0.067 0.073 0.071 0.07 0.072 0.07 0.075 0.074 0.086 0.085 0.081 0.079 0.076 0.078 0.072 0.068 0.065 0.065 0.07 0.071 0.088 0.079 0.074 0.067 0.064 0.068 0.083 0.078 0.072 0.062 0.067 0.079 0.079
0.059 -0.064 -0.055 -0.0 0.011 -0.024 -0.024 -0.023 -0.003 -0.008 -0.01 -0.02 -0.051 -0.031 0.001 0.022 0.031 -0.003 0.002 -0.034 -0.039 -0.024 -0.038 -0.033 -0.049 -0.047 -0.074 -0.066 -0.071 -0.067 -0.073 -0.082 -0.073 -0.076 -0.068 -0.092 -0.085 -0.093 -0.091 -0.098 -0.111 -0.097 -0.097 -0.094 -0.096 -0.092 -0.081 -0.075 -0.065 -0.073 -0.076 -0.068 -0.057 -0.065 -0.054 -0.063 -0.056 -0.051 -0.046 -0.024 -0.039 -0.028 -0.014 -0.009 -0.007 -0.029 -0.046 -0.136
0.064 0.098 0.103 0.101 0.109 0.098 0.107 0.111 0.108 0.105 0.108 0.106 0.108 0.118 0.118 0.127 0.113 0.108 0.109 0.103 0.112 0.105 0.099 0.105 0.107 0.104 0.1 0.104 0.112 0.0 0.105 0.103 0.103 0.109 0.107 0.101 0.099 0.1 0.101 0.101 0.093 0.106 0.096 0.105 0.099 0.101 0.109 0.108 0.107 0.1 0.101 0.098 0.106 0.101 0.107 0.103 0.102 0.092 0.104 0.092 0.093 0.103 0.104 0.098 0.087 0.085 0.093 0.083
0.032 0.049 0.052 0.051 0.054 0.049 0.054 0.055 0.054 0.052 0.054 0.053 0.054 0.059 0.059 0.0 0.056 0.054 0.055 0.052 0.056 0.053 0.05 0.053 0.054 0.052 0.05 0.052 0.056 0.054 0.052 0.051 0.051 0.055 0.053 0.051 0.049 0.05 0.05 0.051 0.046 0.053 0.048 0.052 0.05 0.051 0.054 0.054 0.054 0.05 0.051 0.049 0.053 0.05 0.053 0.052 0.051 0.046 0.052 0.046 0.047 0.052 0.052 0.049 0.044 0.043 0.047 0.042
-0.0005 0.0017 0.0017 0.0006 0.0004 0.0013 0.0011 0.0015 0.0012 0.0011 0.0005 0.0005 -0.0007 0.0007 -0.0001 0.0023 0.001 -0.0003 0.0009 -0.0 0.0009 0.0005 0.0003 -0.0006 -0.0006 -0.0011 0.0003 0.0007 -0.0 0.0008 0.0 0.0005 0.0015 0.0016 0.0009 0.0014 0.0014 0.0007 0.0003 0.0021 0.0003 -0.0013 0.0004 0.0006 -0.0001 -0.0003 -0.0015 -0.0019 -0.0021 -0.0019 0.0004 -0.0011 0.0004 -0.0006 0.0006 0.0003 -0.0009 -0.0009 -0.0015 -0.0006 -0.0007 -0.0025 0.0001 -0.0008 -0.0001 0.0012 0.0005 -0.0007
